ERROR: Could not open requirements file: [Errno 2] No such file or directory: 'requirements.txt'
Defaulting to user installation because normal site-packages is not writeable
Requirement already satisfied: setuptools==59.5.0 in /cluster/home/henrgr/.local/lib/python3.8/site-packages (59.5.0)
Euler :  0.5052515536239537
Euler :  [22.049235375372653, 13.992354233644198, 11.066631242958252, 9.515802785086496, 8.550542561954904, 7.8631084833784, 7.342549990769931, 6.931556331390158, 6.590234851073917, 6.296953859346403, 6.04345559735463, 5.818353913005205, 5.6195745205134005, 5.437903156733112, 5.271589571928099, 5.118645154153268, 4.976577834326472, 4.844400402670919, 4.720181070418399, 4.604053042430968, 4.443265945215479, 4.2980540771541875, 4.1655396347894476, 4.044117342482334, 3.9321117811802, 3.8287539952287064, 3.732823330274412, 3.643478601136341, 3.5602188948353097, 3.4823823152212694, 3.391882626222609, 3.306477460211945, 3.225925343945631, 3.1499052853830247, 3.078131102279439, 3.0103340559779137, 2.946150312868399, 2.8853550771371714, 2.8276432955286963, 2.772892561686846, 2.718564234232236, 2.666697399641508, 2.6171353587519275, 2.56972504866692, 2.524326507167946, 2.480811663291955, 2.4390630537749156, 2.398972870690439, 2.360441732123134, 2.3233783654119735]
main.py:79: UserWarning: To copy construct from a tensor, it is recommended to use sourceTensor.clone().detach() or sourceTensor.clone().detach().requires_grad_(True), rather than torch.tensor(sourceTensor).
  R = torch.tensor(R).to(device)
Quat :  0.31624040795138936
Quat :  [14.691913725639756, 10.406177126231912, 8.535971018209121, 7.407884023095662, 6.639057576313354, 6.067601459840902, 5.621239721844584, 5.262181024888323, 4.9630215919460605, 4.709809867217099, 4.492894904155498, 4.303016253283585, 4.134355577785844, 3.985322139082211, 3.8506995426592643, 3.7291924345899, 3.617850450209852, 3.5167436029797337, 3.4232516666888215, 3.336811084399219, 3.2178344069861606, 3.1097774308583235, 3.0109545376650892, 2.92043330243949, 2.837094924785002, 2.760038334616019, 2.6886363842652186, 2.622158502082066, 2.5602792255995173, 2.502304145064059, 2.4346930671978537, 2.3711164686074326, 2.3113135035288774, 2.2549754109397138, 2.2018204781056543, 2.1515884396729907, 2.1041047801680883, 2.0591539695425882, 2.016543886869013, 1.9760969350059945, 1.9360977469789644, 1.8979449605192757, 1.861517549599497, 1.8266990880810603, 1.793383338245972, 1.7614736715828705, 1.7308812001484783, 1.7015244564413445, 1.6733285161442697, 1.6462246244152694]
SVD :  0.30128261475821105
SVD :  [21.15604246378396, 13.418938226076827, 10.408362464531557, 8.716277566965891, 7.607562172420058, 6.80997503384188, 6.207958969386785, 5.731194079774821, 5.343894270732088, 5.021110455386109, 4.747063850359208, 4.510489166298852, 4.304097293578856, 4.122192308397945, 3.9601336633897892, 3.8152643889088207, 3.684014493781958, 3.5646066576865945, 3.4557242531894135, 3.355922594032302, 3.2303670598775978, 3.1162877036555625, 3.012382575512291, 2.916856247975522, 2.82921268088817, 2.74820458087664, 2.6728928396729206, 2.603244322430606, 2.538120141232103, 2.4773964487446665, 2.4097157657216717, 2.346038268590214, 2.28607567888829, 2.229525931081805, 2.176115923209221, 2.1256282518081413, 2.077850736925978, 2.032575963615846, 1.989653540137759, 1.9489037476018416, 1.9090815602359958, 1.8711006718496284, 1.8348390780934547, 1.8001813592880762, 1.7670204582524405, 1.7352618561626192, 1.7048143304835943, 1.6755989835660112, 1.6475385174054546, 1.6205677589392116]
5D :  0.5362486809540321
5D :  [20.981316627921206, 14.54807868802664, 11.831070564182703, 10.235931252209863, 9.162200971037736, 8.370905423783762, 7.752613223788938, 7.262820018099009, 6.858402985111609, 6.518064101176929, 6.226979000259717, 5.974089803738067, 5.751754332349774, 5.554186160923418, 5.377213314638949, 5.217577315706516, 5.072585461006238, 4.940620733938628, 4.81889682719684, 4.707571346779495, 4.543530999046103, 4.395854971910837, 4.2614346412017605, 4.137943285305695, 4.024999130848475, 3.9207518581623964, 3.824235799927737, 3.734416770983624, 3.6512173457245245, 3.5736726442047617, 3.480955204435939, 3.3936011237137644, 3.3112964591020573, 3.23363905154245, 3.160265872655538, 3.090842216745755, 3.025055209660402, 2.962640465834401, 2.903311333583847, 2.846929019669615, 2.7914622179274047, 2.738533797933804, 2.687975654004017, 2.6396289523729988, 2.593348765580096, 2.5490020646449056, 2.5064674027891827, 2.46563324234489, 2.4263970018602166, 2.3886644587515566]
6D :  0.3568548416068102
6D :  [12.553279070898684, 9.203614619857328, 7.640680035771827, 6.672533861879149, 5.992085696681619, 5.487976031933283, 5.090596275626885, 4.768365024442825, 4.49919531562563, 4.270839347961597, 4.0739731772979555, 3.902984232191821, 3.7500873052488077, 3.6142346571903703, 3.4925640212227624, 3.3821376129462206, 3.2816786736066996, 3.18953099561523, 3.1048962591237905, 3.0266996617830824, 2.918382185112219, 2.820199085370943, 2.730500666399037, 2.6483296531173046, 2.5729879539920817, 2.5033242772465663, 2.4388291818942607, 2.378899409476727, 2.322949126670162, 2.2707277122699563, 2.211565112397485, 2.155840331565113, 2.1033128359952102, 2.0537146800503745, 2.0068074107787846, 1.9623755147220554, 1.920227353828397, 1.8801924233939629, 1.8421160952563682, 1.8058622832549172, 1.770927019608066, 1.7376004935546538, 1.7057739714986222, 1.675346429766309, 1.6462262141267605, 1.6183289649724706, 1.5915778808466696, 1.5659016872785687, 1.5412358444286685, 1.5175202954367017]
Direct :  2.0573202358162006
Direct :  [103.98073, 102.43078, 102.06909, 101.93189, 101.88522, 101.87094, 101.86498, 101.86314, 101.860825, 101.86102, 101.859436, 101.86009, 101.85983, 101.86102, 101.861275, 101.86369, 101.86559, 101.867775, 101.869286, 101.87166, 101.871895, 101.87234, 101.87298, 101.87368, 101.87417, 101.87506, 101.87609, 101.87704, 101.87761, 101.87824, 101.87859, 101.878975, 101.879395, 101.87983, 101.88028, 101.880714, 101.88115, 101.88158, 101.882, 101.88243, 101.882835, 101.883224, 101.88359, 101.883934, 101.88429, 101.88461, 101.884964, 101.88529, 101.8856, 101.8859]
Euler :  1.9796091864286602
Euler :  [56.64644201506804, 37.32964001855261, 28.982289004586903, 24.251459483560193, 21.233706118222994, 19.09029633440185, 17.47408382958776, 16.201045274478478, 15.16893797129643, 14.30561526097318, 13.569468873811495, 12.938086513708054, 12.386308336870968, 11.900093141390503, 11.463978046993805, 11.072974825446448, 10.716026709668478, 10.390425268381088, 10.089752629149952, 9.812634507107031, 9.488290061237166, 9.18993607748388, 8.916366656497974, 8.664959324286615, 8.433056999411276, 8.218210804389269, 8.018397378216596, 7.831992970009219, 7.657584360206561, 7.493796263377812, 7.327153798951214, 7.170038527635895, 7.021696102576748, 6.881388463905883, 6.74845375482204, 6.622299749349107, 6.502397671421268, 6.388269966446605, 6.279487811864581, 6.175665418185915, 6.076178717813084, 5.981196400037747, 5.89041076249511, 5.803538828028383, 5.720322113272634, 5.640524804551729, 5.563931418584077, 5.490344128039593, 5.419581131148398, 5.351474952377888]
Quat :  0.5356382918860593
Quat :  [16.074411588658545, 11.395507263320702, 9.299313730558977, 8.034827648162796, 7.18087123240365, 6.551292136893803, 6.061715077089923, 5.668177820204054, 5.341324576770641, 5.065598880975982, 4.827747297868105, 4.62197751263185, 4.440728780067679, 4.279135724012318, 4.134348042713563, 4.0028194649286455, 3.8837542731037797, 3.7746981289236246, 3.6748164171242976, 3.5823737897551253, 3.4533056907247883, 3.336308124591542, 3.22938868602144, 3.1315188423609355, 3.041252365555802, 2.957871586194494, 2.8808688294196387, 2.809318889836464, 2.7427799551642735, 2.6805818864753514, 2.6137263427558453, 2.550824467876351, 2.491568793549897, 2.4356474692458647, 2.3827815942701904, 2.3327215580095104, 2.285244189122165, 2.2401505356702422, 2.1972617718780647, 2.1564162679313577, 2.1172492943163506, 2.0798958386033743, 2.0442328047945133, 2.01014571669314, 1.9775302830062784, 1.9462912776784467, 1.9163414062784487, 1.8876008708177434, 1.8599958961405225, 1.8334586006221805]
SVD :  0.4354015647582895
SVD :  [15.750658674412692, 10.357968555171844, 8.17964534049977, 6.955612744462497, 6.146021158550537, 5.559191117264668, 5.113620458015604, 4.759294427483663, 4.46850290805656, 4.224011319500527, 4.015968545542066, 3.8362716616167525, 3.678735997407591, 3.5389566322584765, 3.4144372350039314, 3.3014182971567916, 3.1998248888728043, 3.1066312996827823, 3.0211226122944996, 2.9427713496890338, 2.8366877987047094, 2.740339018421795, 2.652366805130688, 2.571702701463836, 2.497404645104192, 2.4287058398685093, 2.3649884799944787, 2.305730879982067, 2.2504715228082928, 2.1987925676443307, 2.143996129413452, 2.092429000113276, 2.043846059374801, 1.997992964339399, 1.9546441343043908, 1.9135943200757703, 1.8746630958350494, 1.8376869709551573, 1.8025191317716514, 1.7690270269931394, 1.7368708639819905, 1.7062032075484845, 1.6769203629496365, 1.648931692399501, 1.6221496119935483, 1.5964968892988511, 1.5719011756751775, 1.5482990085816857, 1.5256267798655403, 1.50383145746178]
5D :  0.7783031576232903
5D :  [51.87276493066926, 32.01863799983726, 24.037767096156387, 19.694153667589124, 16.936629898878664, 15.010213239161786, 13.578179252418668, 12.474900391547443, 11.581316405314766, 10.853283053923775, 10.244389247317894, 9.726029245186904, 9.278306630939493, 8.888360880759453, 8.543057549219592, 8.23696987980071, 7.961232511339815, 7.714382437343854, 7.489342595981859, 7.284953610721745, 7.016654826238065, 6.774727515014333, 6.554305892024236, 6.35244845907341, 6.16690165429871, 5.995541714986422, 5.836810054017352, 5.689289856234125, 5.5520105865258165, 5.423767046386552, 5.279864153240619, 5.144210216863378, 5.016364817882978, 4.895748133730202, 4.781823775505347, 4.674115382210812, 4.572190774298649, 4.475605254461931, 4.383774562731922, 4.296545532133484, 4.211433618068736, 4.1302533801309576, 4.05274867332666, 3.9786720402491333, 3.907797149749805, 3.839917733001737, 3.7748444599633406, 3.7124039681854164, 3.6524367552753043, 3.5947961704515996]
6D :  0.5247244661924901
6D :  [17.969515398018988, 11.916585644219866, 9.429470975464564, 8.00654270995414, 7.0672312941574535, 6.38878639447841, 5.87179058576483, 5.4609355787563265, 5.123199331916065, 4.840130473478648, 4.600342186614847, 4.39186545885487, 4.209412480371301, 4.048425268345042, 3.9038631394172425, 3.774289982361095, 3.6563068701358166, 3.548493976758108, 3.4497727431324496, 3.3593695067367317, 3.239106920557965, 3.129653867344458, 3.029551822853758, 2.9378743887930776, 2.8534568835994567, 2.7753520932051607, 2.703081960047537, 2.6359796183343422, 2.573412137428944, 2.5149054781001072, 2.452896170661446, 2.3945444709828045, 2.339568730992166, 2.287681956039443, 2.238625524502653, 2.1921703681013627, 2.1481104852668382, 2.106261752754383, 2.066457571118823, 2.028548968537049, 1.9921325145543547, 1.9573995459771192, 1.9242363742509012, 1.892536371636948, 1.8622027439371276, 1.833147039000258, 1.8052882790170481, 1.7785520862564972, 1.752870289710778, 1.72818006189494]
Direct :  2.6943583615130837
Direct :  [115.9564, 116.39781, 116.78192, 117.059715, 117.24052, 117.36482, 117.45536, 117.5248, 117.57967, 117.62426, 117.66049, 117.69098, 117.71759, 117.739365, 117.75827, 117.77417, 117.789215, 117.801636, 117.81328, 117.82331, 117.831635, 117.83921, 117.846146, 117.85254, 117.85846, 117.864, 117.869194, 117.87378, 117.87807, 117.88207, 117.885796, 117.88929, 117.89257, 117.89565, 117.898575, 117.901344, 117.903984, 117.90645, 117.90881, 117.91104, 117.91318, 117.91522, 117.917175, 117.91903, 117.920815, 117.922516, 117.924164, 117.92572, 117.927216, 117.92866]
Euler :  16.142574905546418
Euler :  [117.30971638315255, 102.88232993124831, 89.27875256574998, 80.06396254971796, 73.11180968737821, 67.69019308619325, 63.35852121527135, 59.797050360694584, 56.786883627101496, 54.19242556612806, 51.92298976984502, 49.911627038335446, 48.10945706910426, 46.480519097471614, 44.99890683317868, 43.64436991052991, 42.40074723763179, 41.25560672226512, 40.19688473767684, 39.216500643804416, 38.280063359061764, 37.41410977720733, 36.61029215082911, 35.861446415537806, 35.16150968357194, 34.505261171415356, 33.888229814355064, 33.30650669758123, 32.75671963287375, 32.23593941961274, 31.741066103017232, 31.27353018410056, 30.830981478638385, 30.41127446124366, 30.01249776667714, 29.632951635455456, 29.271117827702895, 28.925639219365614, 28.595300531765982, 28.279006866463977, 27.97595512471924, 27.686166804322273, 27.408740458172375, 27.142843677430594, 26.887716910410013, 26.642665468700745, 26.407054365062123, 26.18030322900776, 25.96187626609504, 25.75128239399261]
Quat :  1.823721418166439
Quat :  [37.74012763131446, 26.847225264675426, 21.687761075964957, 18.52784069969805, 16.374866558601305, 14.772534519092256, 13.534011833606215, 12.549230880189262, 11.7572872707352, 11.074158104842931, 10.48323892248443, 9.986117311856553, 9.542168868318287, 9.151508616979612, 8.80741904394333, 8.501250230163231, 8.214062923985104, 7.958002144956849, 7.724351169687578, 7.508123616502982, 7.258163078206986, 7.0343098577432075, 6.8283063332597385, 6.637887504264151, 6.462969790839547, 6.305129332359216, 6.154755074051667, 6.013469917147552, 5.8877978198925645, 5.765201550892556, 5.640286301061837, 5.519989494840276, 5.406196462232133, 5.3022120565162325, 5.202267081053006, 5.104625352344677, 5.012392810131905, 4.929366365996834, 4.8471150415033355, 4.768814886156158, 4.6897899215179315, 4.615529273721743, 4.544556193964907, 4.475835766571689, 4.410068579322649, 4.345948449286309, 4.284706508368209, 4.225456163149725, 4.16864369393627, 4.119634288217083]
SVD :  0.6218412668642064
SVD :  [19.677941178962367, 12.276091365625197, 9.427713586602552, 7.866890639262645, 6.85657131349866, 6.144715391602986, 5.604464029671131, 5.178910510903593, 4.837547441641232, 4.5522615092070575, 4.311343317567784, 4.103445226147953, 3.924571195347166, 3.765238722074002, 3.6225788197751587, 3.4965211028530576, 3.3820645693843825, 3.277683831224694, 3.182945697700853, 3.0953578428752926, 2.987000110203433, 2.887732116657141, 2.7966524905103993, 2.712854712276036, 2.635511369505126, 2.5639068535301974, 2.4974028928048972, 2.4354494547652297, 2.3775922385606285, 2.3234431875104153, 2.2698464770232274, 2.219442508058981, 2.171962324462987, 2.127150678433454, 2.0847850018898377, 2.044663328886523, 2.0066068357812195, 1.9704575320976876, 1.9360688240530541, 1.9033110472792902, 1.8718827986630784, 1.841908504427889, 1.8132867064467035, 1.7859277555267734, 1.7597470390850762, 1.734668425514242, 1.7106221506230512, 1.6875446498352267, 1.665374874687884, 1.6440609433945923]
5D :  1.057870579935529
5D :  [76.32397988564931, 49.444359891098095, 36.108523391834225, 28.821468806828165, 24.252989804445924, 21.111882013872428, 18.814074905046407, 17.056582582512995, 15.666059932118763, 14.5367603677024, 13.59979583545356, 12.809225294729451, 12.132359186478237, 11.546042213535427, 11.032786699580209, 10.579149514401339, 10.174969325032558, 9.812642687033534, 9.48545422697535, 9.188711168532112, 8.837724762822244, 8.519886096880317, 8.230175138648908, 7.9648250916250065, 7.720789637803227, 7.4955215520221925, 7.286885049915758, 7.093082585705264, 6.912554738055517, 6.7439694338853515, 6.565256660062807, 6.397028121166776, 6.238543812985792, 6.088991471962874, 5.947639453380452, 5.813829323889686, 5.686969946318663, 5.566529993873452, 5.452029682977041, 5.343035334398263, 5.238681770783488, 5.139177092883128, 5.044192969658127, 4.953423238665519, 4.866588696292, 4.783434770013062, 4.70372834414953, 4.627255634554964, 4.55382042890707, 4.483242318095318]
6D :  0.7827394006234043
6D :  [20.699495240003092, 13.38751395056928, 10.493806582079564, 8.858296353937419, 7.794052757790035, 7.02994855838117, 6.448138288256982, 5.99019548934327, 5.614597808242989, 5.301832870918978, 5.0376106785208625, 4.808498778058118, 4.607363021062206, 4.430030875467464, 4.27081971950116, 4.128664390228097, 3.999715932502127, 3.882633701829143, 3.7751941164802183, 3.6764230778606946, 3.549439339381448, 3.4330403788831836, 3.326232043895727, 3.227899878592781, 3.137089585753463, 3.0529800723045084, 2.974867339738158, 2.9021360089040265, 2.8342384253564257, 2.770736681224466, 2.707920271087323, 2.648821561375902, 2.5931449487535443, 2.5405950201016876, 2.49090836016898, 2.443850021132427, 2.3992102216012046, 2.356801465008493, 2.316454888542237, 2.2780186281892325, 2.2411653378335163, 2.2060117803580033, 2.1724437590471517, 2.1403539706020673, 2.1096444851026686, 2.0802257480047706, 2.0520162887025966, 2.0249408401943505, 1.9989303688824542, 1.9739215451039362]
Direct :  3.074607494944978
Direct :  [120.12148, 121.090935, 122.0182, 122.472626, 122.75021, 122.93683, 123.07059, 123.17173, 123.24993, 123.314674, 123.36431, 123.40794, 123.4432, 123.47268, 123.50021, 123.52465, 123.544075, 123.56252, 123.578094, 123.59244, 123.60568, 123.61783, 123.62895, 123.63916, 123.648575, 123.65724, 123.6653, 123.67274, 123.679634, 123.68607, 123.69197, 123.6975, 123.7027, 123.70758, 123.7122, 123.716545, 123.72064, 123.724556, 123.72826, 123.7318, 123.735146, 123.738335, 123.74137, 123.74428, 123.74704, 123.74968, 123.75221, 123.75466, 123.75698, 123.75922]
